1 1.5403
1.01 1.54992
1.02 1.55954
1.03 1.56915
1.04 1.57877
1.05 1.58839
1.06 1.59801
1.07 1.60763
1.08 1.61725
1.09 1.62687
1.1 1.63649
1.11 1.64611
1.12 1.65573
1.13 1.66535
1.14 1.67497
1.15 1.6846
1.16 1.69422
1.17 1.70385
1.18 1.71348
1.19 1.7231
1.2 1.73273
1.21 1.74236
1.22 1.752
1.23 1.76163
1.24 1.77126
1.25 1.7809
1.26 1.79054
1.27 1.80018
1.28 1.80982
1.29 1.81946
1.3 1.82911
1.31 1.83875
1.32 1.8484
1.33 1.85805
1.34 1.86771
1.35 1.87736
1.36 1.88702
1.37 1.89668
1.38 1.90634
1.39 1.916
1.4 1.92567
1.41 1.93534
1.42 1.94501
1.43 1.95468
1.44 1.96436
1.45 1.97404
1.46 1.98372
1.47 1.99341
1.48 2.0031
1.49 2.01279
1.5 2.02248
1.51 2.03218
1.52 2.04188
1.53 2.05159
1.54 2.0613
1.55 2.07101
1.56 2.08072
1.57 2.09044
1.58 2.10016
1.59 2.10989
1.6 2.11962
1.61 2.12935
1.62 2.13909
1.63 2.14883
1.64 2.15857
1.65 2.16832
1.66 2.17807
1.67 2.18783
1.68 2.19759
1.69 2.20736
1.7 2.21713
1.71 2.2269
1.72 2.23668
1.73 2.24646
1.74 2.25625
1.75 2.26604
1.76 2.27584
1.77 2.28564
1.78 2.29545
1.79 2.30526
1.8 2.31508
1.81 2.3249
1.82 2.33473
1.83 2.34456
1.84 2.3544
1.85 2.36424
1.86 2.37409
1.87 2.38394
1.88 2.3938
1.89 2.40367
1.9 2.41354
1.91 2.42341
1.92 2.43329
1.93 2.44318
1.94 2.45308
1.95 2.46298
1.96 2.47288
1.97 2.48279
1.98 2.49271
1.99 2.50263
2 2.51256
2.01 2.5225
2.02 2.53244
2.03 2.54239
2.04 2.55235
2.05 2.56231
2.06 2.57228
2.07 2.58225
2.08 2.59224
2.09 2.60223
2.1 2.61222
2.11 2.62222
2.12 2.63223
2.13 2.64225
2.14 2.65228
2.15 2.66231
2.16 2.67235
2.17 2.68239
2.18 2.69245
2.19 2.70251
2.2 2.71258
2.21 2.72265
2.22 2.73273
2.23 2.74283
2.24 2.75293
2.25 2.76303
2.26 2.77315
2.27 2.78327
2.28 2.7934
2.29 2.80354
2.3 2.81369
2.31 2.82384
2.32 2.83399
2.33 2.84413
2.34 2.85427
2.35 2.86439
2.36 2.87449
2.37 2.88457
2.38 2.89463
2.39 2.90464
2.4 2.91463
2.41 2.92457
2.42 2.93446
2.43 2.9443
2.44 2.95409
2.45 2.96382
2.46 2.97348
2.47 2.98307
2.48 2.99259
2.49 3.00202
2.5 3.01138
2.51 3.02065
2.52 3.02982
2.53 3.0389
2.54 3.04787
2.55 3.05674
2.56 3.0655
2.57 3.07414
2.58 3.08266
2.59 3.09106
2.6 3.09933
2.61 3.10746
2.62 3.11545
2.63 3.1233
2.64 3.13101
2.65 3.13855
2.66 3.14595
2.67 3.15318
2.68 3.16024
2.69 3.16713
2.7 3.17385
2.71 3.18039
2.72 3.18674
2.73 3.1929
2.74 3.19886
2.75 3.20463
2.76 3.2102
2.77 3.21555
2.78 3.2207
2.79 3.22562
2.8 3.23033
2.81 3.23481
2.82 3.23905
2.83 3.24306
2.84 3.24683
2.85 3.25036
2.86 3.25363
2.87 3.25665
2.88 3.25942
2.89 3.26191
2.9 3.26414
2.91 3.2661
2.92 3.26778
2.93 3.26918
2.94 3.27029
2.95 3.27111
2.96 3.27163
2.97 3.27186
2.98 3.27178
2.99 3.27139
3 3.27068
3.01 3.26966
3.02 3.26831
3.03 3.26663
3.04 3.26462
3.05 3.26227
3.06 3.25959
3.07 3.25655
3.08 3.25316
3.09 3.24942
3.1 3.24532
3.11 3.24085
3.12 3.23601
3.13 3.2308
3.14 3.2252
3.15 3.21923
3.16 3.21287
3.17 3.20611
3.18 3.19895
3.19 3.1914
3.2 3.18344
3.21 3.17506
3.22 3.16627
3.23 3.15706
3.24 3.14742
3.25 3.13736
3.26 3.12686
3.27 3.11592
3.28 3.10453
3.29 3.0927
3.3 3.08043
3.31 3.06776
3.32 3.05472
3.33 3.04136
3.34 3.0277
3.35 3.01379
3.36 2.99966
3.37 2.98535
3.38 2.9709
3.39 2.95635
3.4 2.94172
3.41 2.92707
3.42 2.91242
3.43 2.89781
3.44 2.88329
3.45 2.86888
3.46 2.85463
3.47 2.84058
3.48 2.82675
3.49 2.81318
3.5 2.79993
3.51 2.78701
3.52 2.77447
3.53 2.76235
3.54 2.75068
3.55 2.7395
3.56 2.72884
3.57 2.71876
3.58 2.70927
3.59 2.70042
3.6 2.69225
3.61 2.68479
3.62 2.67808
3.63 2.67216
3.64 2.66706
3.65 2.66283
3.66 2.65949
3.67 2.65709
3.68 2.65567
3.69 2.65525
3.7 2.65589
3.71 2.65761
3.72 2.66045
3.73 2.66445
3.74 2.66965
3.75 2.67608
3.76 2.68378
3.77 2.69279
3.78 2.70315
3.79 2.71489
3.8 2.72805
3.81 2.74266
3.82 2.75878
3.83 2.77642
3.84 2.79563
3.85 2.81645
3.86 2.83891
3.87 2.86305
3.88 2.88891
3.89 2.91652
3.9 2.94593
3.91 2.97716
3.92 3.01026
3.93 3.04519
3.94 3.08188
3.95 3.12026
3.96 3.16026
3.97 3.20179
3.98 3.2448
3.99 3.2892
4 3.33493
4.01 3.3819
4.02 3.43006
4.03 3.47931
4.04 3.5296
4.05 3.58085
4.06 3.63298
4.07 3.68593
4.08 3.73961
4.09 3.79396
4.1 3.84891
4.11 3.90437
4.12 3.96028
4.13 4.01657
4.14 4.07316
4.15 4.12997
4.16 4.18695
4.17 4.244
4.18 4.30107
4.19 4.35807
4.2 4.41493
4.21 4.47159
4.22 4.52796
4.23 4.58398
4.24 4.63956
4.25 4.69465
4.26 4.74917
4.27 4.80303
4.28 4.85618
4.29 4.90853
4.3 4.96002
4.31 5.01057
4.32 5.0601
4.33 5.10855
4.34 5.15584
4.35 5.20191
4.36 5.24666
4.37 5.29004
4.38 5.33197
4.39 5.3724
4.4 5.41135
4.41 5.44884
4.42 5.48489
4.43 5.51954
4.44 5.55281
4.45 5.58472
4.46 5.6153
4.47 5.64458
4.48 5.67259
4.49 5.69934
4.5 5.72487
4.51 5.7492
4.52 5.77236
4.53 5.79437
4.54 5.81526
4.55 5.83505
4.56 5.85378
4.57 5.87146
4.58 5.88813
4.59 5.9038
4.6 5.91851
4.61 5.93228
4.62 5.94514
4.63 5.95711
4.64 5.96822
4.65 5.9785
4.66 5.98796
4.67 5.99664
4.68 6.00457
4.69 6.01176
4.7 6.01825
4.71 6.02406
4.72 6.02922
4.73 6.03375
4.74 6.03767
4.75 6.04102
4.76 6.04383
4.77 6.04611
4.78 6.04789
4.79 6.0492
4.8 6.05006
4.81 6.05051
4.82 6.05056
4.83 6.05025
4.84 6.04959
4.85 6.04861
4.86 6.04735
4.87 6.04583
4.88 6.04406
4.89 6.04209
4.9 6.03993
4.91 6.03761
4.92 6.03515
4.93 6.03259
4.94 6.02994
4.95 6.02724
4.96 6.02452
4.97 6.02178
4.98 6.01907
4.99 6.01641
5 6.01382
5.01 6.01133
5.02 6.00896
5.03 6.00672
5.04 6.00461
5.05 6.00262
5.06 6.00075
5.07 5.999
5.08 5.99736
5.09 5.99584
5.1 5.99443
5.11 5.99313
5.12 5.99194
5.13 5.99085
5.14 5.98987
5.15 5.98899
5.16 5.9882
5.17 5.98751
5.18 5.98692
5.19 5.98642
5.2 5.98601
5.21 5.98569
5.22 5.98545
5.23 5.98529
5.24 5.98522
5.25 5.98522
5.26 5.98531
5.27 5.98546
5.28 5.98569
5.29 5.98599
5.3 5.98636
5.31 5.98679
5.32 5.98729
5.33 5.98784
5.34 5.98846
5.35 5.98913
5.36 5.98986
5.37 5.99064
5.38 5.99147
5.39 5.99235
5.4 5.99328
5.41 5.99424
5.42 5.99525
5.43 5.9963
5.44 5.99739
5.45 5.99851
5.46 5.99966
5.47 6.00085
5.48 6.00206
5.49 6.0033
5.5 6.00456
5.51 6.00585
5.52 6.00715
5.53 6.00847
5.54 6.00981
5.55 6.01116
5.56 6.01252
5.57 6.01389
5.58 6.01526
5.59 6.01664
5.6 6.01802
5.61 6.0194
5.62 6.02078
5.63 6.02215
5.64 6.02352
5.65 6.02487
5.66 6.02622
5.67 6.02755
5.68 6.02887
5.69 6.03016
5.7 6.03144
5.71 6.0327
5.72 6.03393
5.73 6.03513
5.74 6.03631
5.75 6.03745
5.76 6.03857
5.77 6.03964
5.78 6.04068
5.79 6.04168
5.8 6.04263
5.81 6.04354
5.82 6.04441
5.83 6.04523
5.84 6.04599
5.85 6.0467
5.86 6.04736
5.87 6.04796
5.88 6.0485
5.89 6.04898
5.9 6.04939
5.91 6.04974
5.92 6.05002
5.93 6.05022
5.94 6.05036
5.95 6.05042
5.96 6.0504
5.97 6.0503
5.98 6.05012
5.99 6.04986
6 6.04951
6.01 6.04907
6.02 6.04855
6.03 6.04793
6.04 6.04723
6.05 6.04644
6.06 6.04557
6.07 6.04463
6.08 6.04361
6.09 6.04252
6.1 6.04136
6.11 6.04013
6.12 6.03885
6.13 6.0375
6.14 6.0361
6.15 6.03465
6.16 6.03314
6.17 6.03159
6.18 6.02999
6.19 6.02836
6.2 6.02668
6.21 6.02497
6.22 6.02323
6.23 6.02145
6.24 6.01966
6.25 6.01784
6.26 6.016
6.27 6.01414
6.28 6.01227
6.29 6.01038
6.3 6.00849
6.31 6.0066
6.32 6.0047
6.33 6.0028
6.34 6.00091
6.35 5.99903
6.36 5.99715
6.37 5.99529
6.38 5.99344
6.39 5.99162
6.4 5.98981
6.41 5.98803
6.42 5.98628
6.43 5.98457
6.44 5.98288
6.45 5.98123
6.46 5.97963
6.47 5.97806
6.48 5.97655
6.49 5.97508
6.5 5.97366
6.51 5.9723
6.52 5.971
6.53 5.96976
6.54 5.96859
6.55 5.96748
6.56 5.96644
6.57 5.96548
6.58 5.96459
6.59 5.96378
6.6 5.96306
6.61 5.96242
6.62 5.96187
6.63 5.96141
6.64 5.96104
6.65 5.96078
6.66 5.96061
6.67 5.96055
6.68 5.96059
6.69 5.96075
6.7 5.96101
6.71 5.9614
6.72 5.9619
6.73 5.96252
6.74 5.96327
6.75 5.96415
6.76 5.96516
6.77 5.9663
6.78 5.96758
6.79 5.96899
6.8 5.97055
6.81 5.97226
6.82 5.97412
6.83 5.97613
6.84 5.97829
6.85 5.98061
6.86 5.98309
6.87 5.98574
6.88 5.98856
6.89 5.99154
6.9 5.9947
6.91 5.99803
6.92 6.00154
6.93 6.00524
6.94 6.00912
6.95 6.01319
6.96 6.01744
6.97 6.0219
6.98 6.02655
6.99 6.0314
7 6.03646
7.01 6.04172
7.02 6.04719
7.03 6.05287
7.04 6.05877
7.05 6.06489
7.06 6.07123
7.07 6.07779
7.08 6.08458
7.09 6.0916
7.1 6.09885
7.11 6.10635
7.12 6.11408
7.13 6.12205
7.14 6.13027
7.15 6.13874
7.16 6.14745
7.17 6.15643
7.18 6.16566
7.19 6.17515
7.2 6.18491
7.21 6.19493
7.22 6.20522
7.23 6.21579
7.24 6.22663
7.25 6.23775
7.26 6.24915
7.27 6.26084
7.28 6.27281
7.29 6.28508
7.3 6.29764
7.31 6.31049
7.32 6.32365
7.33 6.33709
7.34 6.35083
7.35 6.36485
7.36 6.37915
7.37 6.39372
7.38 6.40856
7.39 6.42366
7.4 6.43903
7.41 6.45464
7.42 6.47051
7.43 6.48662
7.44 6.50296
7.45 6.51954
7.46 6.53635
7.47 6.55338
7.48 6.57063
7.49 6.5881
7.5 6.60577
7.51 6.62364
7.52 6.64172
7.53 6.65998
7.54 6.67844
7.55 6.69708
7.56 6.71589
7.57 6.73488
7.58 6.75404
7.59 6.77336
7.6 6.79284
7.61 6.81247
7.62 6.83225
7.63 6.85218
7.64 6.87224
7.65 6.89243
7.66 6.91276
7.67 6.9332
7.68 6.95377
7.69 6.97444
7.7 6.99523
7.71 7.01612
7.72 7.0371
7.73 7.05818
7.74 7.07935
7.75 7.1006
7.76 7.12193
7.77 7.14333
7.78 7.16479
7.79 7.18633
7.8 7.20791
7.81 7.22956
7.82 7.25125
7.83 7.27298
7.84 7.29475
7.85 7.31655
7.86 7.33838
7.87 7.36023
7.88 7.38211
7.89 7.40399
7.9 7.42588
7.91 7.44777
7.92 7.46967
7.93 7.49155
7.94 7.51342
7.95 7.53528
7.96 7.55711
7.97 7.57891
7.98 7.60068
7.99 7.62242
8 7.64411
8.01 7.66575
8.02 7.68734
8.03 7.70888
8.04 7.73035
8.05 7.75175
8.06 7.77308
8.07 7.79434
8.08 7.81551
8.09 7.83659
8.1 7.85758
8.11 7.87847
8.12 7.89926
8.13 7.91995
8.14 7.94051
8.15 7.96097
8.16 7.98129
8.17 8.0015
8.18 8.02156
8.19 8.04149
8.2 8.06128
8.21 8.08092
8.22 8.10041
8.23 8.11973
8.24 8.1389
8.25 8.1579
8.26 8.17672
8.27 8.19537
8.28 8.21383
8.29 8.23211
8.3 8.25019
8.31 8.26807
8.32 8.28575
8.33 8.30323
8.34 8.32049
8.35 8.33753
8.36 8.35435
8.37 8.37094
8.38 8.3873
8.39 8.40341
8.4 8.41929
8.41 8.43492
8.42 8.45029
8.43 8.46541
8.44 8.48026
8.45 8.49484
8.46 8.50916
8.47 8.52319
8.48 8.53694
8.49 8.5504
8.5 8.56356
8.51 8.57643
8.52 8.589
8.53 8.60126
8.54 8.6132
8.55 8.62482
8.56 8.63613
8.57 8.6471
8.58 8.65774
8.59 8.66804
8.6 8.678
8.61 8.68761
8.62 8.69688
8.63 8.70582
8.64 8.71443
8.65 8.72272
8.66 8.73069
8.67 8.73835
8.68 8.7457
8.69 8.75276
8.7 8.75951
8.71 8.76598
8.72 8.77217
8.73 8.77808
8.74 8.78372
8.75 8.78909
8.76 8.7942
8.77 8.79905
8.78 8.80365
8.79 8.80801
8.8 8.81214
8.81 8.81603
8.82 8.81969
8.83 8.82313
8.84 8.82636
8.85 8.82937
8.86 8.83218
8.87 8.8348
8.88 8.83721
8.89 8.83945
8.9 8.8415
8.91 8.84337
8.92 8.84507
8.93 8.84661
8.94 8.84799
8.95 8.84921
8.96 8.85028
8.97 8.85122
8.98 8.85201
8.99 8.85268
9 8.85322
9.01 8.85364
9.02 8.85394
9.03 8.85414
9.04 8.85423
9.05 8.85422
9.06 8.85413
9.07 8.85394
9.08 8.85368
9.09 8.85334
9.1 8.85293
9.11 8.85246
9.12 8.85193
9.13 8.85135
9.14 8.85072
9.15 8.85005
9.16 8.84934
9.17 8.8486
9.18 8.84784
9.19 8.84706
9.2 8.84627
9.21 8.84547
9.22 8.84467
9.23 8.84387
9.24 8.84308
9.25 8.84231
9.26 8.84155
9.27 8.84083
9.28 8.84013
9.29 8.83947
9.3 8.83886
9.31 8.83829
9.32 8.83778
9.33 8.83733
9.34 8.83695
9.35 8.83663
9.36 8.8364
9.37 8.83624
9.38 8.83618
9.39 8.8362
9.4 8.83633
9.41 8.83656
9.42 8.83691
9.43 8.83737
9.44 8.83795
9.45 8.83866
9.46 8.8395
9.47 8.84048
9.48 8.84161
9.49 8.84288
9.5 8.84431
9.51 8.84591
9.52 8.84767
9.53 8.8496
9.54 8.85171
9.55 8.85401
9.56 8.85649
9.57 8.85917
9.58 8.86205
9.59 8.86514
9.6 8.86843
9.61 8.87193
9.62 8.87563
9.63 8.87952
9.64 8.88361
9.65 8.8879
9.66 8.89236
9.67 8.89702
9.68 8.90185
9.69 8.90686
9.7 8.91204
9.71 8.9174
9.72 8.92292
9.73 8.9286
9.74 8.93445
9.75 8.94045
9.76 8.94661
9.77 8.95291
9.78 8.95937
9.79 8.96596
9.8 8.9727
9.81 8.97958
9.82 8.98658
9.83 8.99372
9.84 9.00098
9.85 9.00837
9.86 9.01588
9.87 9.0235
9.88 9.03124
9.89 9.03909
9.9 9.04704
9.91 9.0551
9.92 9.06325
9.93 9.0715
9.94 9.07985
9.95 9.08828
9.96 9.09681
9.97 9.10541
9.98 9.11409
9.99 9.12285
10 9.13169
