1 1.5403
1.01 -4.29659
1.02 -9.84452
1.03 -15.1124
1.04 -20.1089
1.05 -24.8426
1.06 -29.3217
1.07 -33.5543
1.08 -37.5485
1.09 -41.3118
1.1 -44.8519
1.11 -48.1762
1.12 -51.2919
1.13 -54.206
1.14 -56.9253
1.15 -59.4566
1.16 -61.8065
1.17 -63.9813
1.18 -65.9872
1.19 -67.8303
1.2 -69.5165
1.21 -71.0516
1.22 -72.4413
1.23 -73.691
1.24 -74.806
1.25 -75.7916
1.26 -76.6529
1.27 -77.3947
1.28 -78.0219
1.29 -78.5393
1.3 -78.9512
1.31 -79.2623
1.32 -79.4768
1.33 -79.5988
1.34 -79.6326
1.35 -79.582
1.36 -79.451
1.37 -79.2433
1.38 -78.9625
1.39 -78.6122
1.4 -78.1958
1.41 -77.7166
1.42 -77.178
1.43 -76.5831
1.44 -75.9349
1.45 -75.2363
1.46 -74.4903
1.47 -73.6997
1.48 -72.8671
1.49 -71.9952
1.5 -71.0864
1.51 -70.1433
1.52 -69.1682
1.53 -68.1635
1.54 -67.1312
1.55 -66.0737
1.56 -64.9929
1.57 -63.8909
1.58 -62.7695
1.59 -61.6307
1.6 -60.4763
1.61 -59.308
1.62 -58.1275
1.63 -56.9363
1.64 -55.7361
1.65 -54.5284
1.66 -53.3145
1.67 -52.0959
1.68 -50.8738
1.69 -49.6496
1.7 -48.4245
1.71 -47.1997
1.72 -45.9762
1.73 -44.7551
1.74 -43.5376
1.75 -42.3245
1.76 -41.1168
1.77 -39.9154
1.78 -38.7211
1.79 -37.5348
1.8 -36.3573
1.81 -35.1891
1.82 -34.0312
1.83 -32.884
1.84 -31.7483
1.85 -30.6246
1.86 -29.5135
1.87 -28.4155
1.88 -27.331
1.89 -26.2606
1.9 -25.2047
1.91 -24.1636
1.92 -23.1378
1.93 -22.1275
1.94 -21.1332
1.95 -20.155
1.96 -19.1933
1.97 -18.2483
1.98 -17.3202
1.99 -16.4092
2 -15.5154
2.01 -14.6391
2.02 -13.7804
2.03 -12.9393
2.04 -12.1161
2.05 -11.3106
2.06 -10.523
2.07 -9.7534
2.08 -9.00173
2.09 -8.26802
2.1 -7.55226
2.11 -6.85444
2.12 -6.1745
2.13 -5.51241
2.14 -4.86809
2.15 -4.24147
2.16 -3.63247
2.17 -3.04097
2.18 -2.46687
2.19 -1.91004
2.2 -1.37036
2.21 -0.847689
2.22 -0.341865
2.23 0.147265
2.24 0.61987
2.25 1.07612
2.26 1.51621
2.27 1.94032
2.28 2.34865
2.29 2.74139
2.3 3.11877
2.31 3.48099
2.32 3.82826
2.33 4.16083
2.34 4.47891
2.35 4.78273
2.36 5.07253
2.37 5.34856
2.38 5.61105
2.39 5.86024
2.4 6.0964
2.41 6.31976
2.42 6.53058
2.43 6.72912
2.44 6.91563
2.45 7.09037
2.46 7.2536
2.47 7.40557
2.48 7.54655
2.49 7.67679
2.5 7.79657
2.51 7.90613
2.52 8.00574
2.53 8.09566
2.54 8.17615
2.55 8.24747
2.56 8.30987
2.57 8.36362
2.58 8.40896
2.59 8.44616
2.6 8.47547
2.61 8.49714
2.62 8.51141
2.63 8.51854
2.64 8.51877
2.65 8.51234
2.66 8.49951
2.67 8.48049
2.68 8.45555
2.69 8.42489
2.7 8.38877
2.71 8.3474
2.72 8.30102
2.73 8.24984
2.74 8.19409
2.75 8.13399
2.76 8.06974
2.77 8.00156
2.78 7.92965
2.79 7.85423
2.8 7.77549
2.81 7.69363
2.82 7.60884
2.83 7.52131
2.84 7.43124
2.85 7.33881
2.86 7.24419
2.87 7.14756
2.88 7.0491
2.89 6.94898
2.9 6.84736
2.91 6.7444
2.92 6.64026
2.93 6.5351
2.94 6.42907
2.95 6.32232
2.96 6.21498
2.97 6.10721
2.98 5.99913
2.99 5.89088
3 5.78258
3.01 5.67437
3.02 5.56637
3.03 5.45869
3.04 5.35144
3.05 5.24474
3.06 5.1387
3.07 5.03342
3.08 4.92899
3.09 4.82552
3.1 4.7231
3.11 4.62182
3.12 4.52176
3.13 4.42301
3.14 4.32564
3.15 4.22973
3.16 4.13536
3.17 4.04259
3.18 3.95149
3.19 3.86213
3.2 3.77455
3.21 3.68883
3.22 3.605
3.23 3.52313
3.24 3.44325
3.25 3.36542
3.26 3.28967
3.27 3.21605
3.28 3.14459
3.29 3.07532
3.3 3.00827
3.31 2.94346
3.32 2.88094
3.33 2.82071
3.34 2.76279
3.35 2.70721
3.36 2.65397
3.37 2.60309
3.38 2.55458
3.39 2.50845
3.4 2.4647
3.41 2.42334
3.42 2.38436
3.43 2.34776
3.44 2.31355
3.45 2.28171
3.46 2.25223
3.47 2.22512
3.48 2.20035
3.49 2.17792
3.5 2.15781
3.51 2.14
3.52 2.12448
3.53 2.11123
3.54 2.10021
3.55 2.09142
3.56 2.08483
3.57 2.08041
3.58 2.07814
3.59 2.07798
3.6 2.07991
3.61 2.0839
3.62 2.08991
3.63 2.09791
3.64 2.10788
3.65 2.11976
3.66 2.13353
3.67 2.14916
3.68 2.16659
3.69 2.1858
3.7 2.20674
3.71 2.22938
3.72 2.25367
3.73 2.27957
3.74 2.30705
3.75 2.33605
3.76 2.36653
3.77 2.39846
3.78 2.43178
3.79 2.46645
3.8 2.50244
3.81 2.53968
3.82 2.57814
3.83 2.61778
3.84 2.65853
3.85 2.70037
3.86 2.74324
3.87 2.7871
3.88 2.8319
3.89 2.8776
3.9 2.92415
3.91 2.97149
3.92 3.0196
3.93 3.06842
3.94 3.1179
3.95 3.168
3.96 3.21868
3.97 3.26988
3.98 3.32157
3.99 3.3737
4 3.42623
4.01 3.4791
4.02 3.53229
4.03 3.58574
4.04 3.63942
4.05 3.69327
4.06 3.74727
4.07 3.80136
4.08 3.85551
4.09 3.90968
4.1 3.96382
4.11 4.0179
4.12 4.07189
4.13 4.12574
4.14 4.17941
4.15 4.23287
4.16 4.28609
4.17 4.33902
4.18 4.39164
4.19 4.44391
4.2 4.4958
4.21 4.54727
4.22 4.5983
4.23 4.64886
4.24 4.6989
4.25 4.74842
4.26 4.79737
4.27 4.84573
4.28 4.89347
4.29 4.94058
4.3 4.98701
4.31 5.03276
4.32 5.07779
4.33 5.12209
4.34 5.16562
4.35 5.20838
4.36 5.25035
4.37 5.29149
4.38 5.3318
4.39 5.37127
4.4 5.40986
4.41 5.44757
4.42 5.48439
4.43 5.52029
4.44 5.55527
4.45 5.58932
4.46 5.62242
4.47 5.65457
4.48 5.68575
4.49 5.71596
4.5 5.74519
4.51 5.77344
4.52 5.80069
4.53 5.82695
4.54 5.85221
4.55 5.87646
4.56 5.89971
4.57 5.92195
4.58 5.94318
4.59 5.96341
4.6 5.98263
4.61 6.00084
4.62 6.01806
4.63 6.03427
4.64 6.04949
4.65 6.06372
4.66 6.07697
4.67 6.08924
4.68 6.10055
4.69 6.11088
4.7 6.12027
4.71 6.12871
4.72 6.13622
4.73 6.1428
4.74 6.14847
4.75 6.15324
4.76 6.15712
4.77 6.16012
4.78 6.16226
4.79 6.16356
4.8 6.16402
4.81 6.16367
4.82 6.16251
4.83 6.16057
4.84 6.15786
4.85 6.15439
4.86 6.1502
4.87 6.14529
4.88 6.13968
4.89 6.1334
4.9 6.12646
4.91 6.11888
4.92 6.11068
4.93 6.10189
4.94 6.09252
4.95 6.08259
4.96 6.07214
4.97 6.06117
4.98 6.04971
4.99 6.03779
5 6.02542
5.01 6.01264
5.02 5.99945
5.03 5.98589
5.04 5.97198
5.05 5.95774
5.06 5.9432
5.07 5.92838
5.08 5.9133
5.09 5.89799
5.1 5.88247
5.11 5.86676
5.12 5.8509
5.13 5.8349
5.14 5.81879
5.15 5.80259
5.16 5.78632
5.17 5.77002
5.18 5.7537
5.19 5.73738
5.2 5.7211
5.21 5.70488
5.22 5.68873
5.23 5.67268
5.24 5.65676
5.25 5.64099
5.26 5.62539
5.27 5.60998
5.28 5.59478
5.29 5.57982
5.3 5.56513
5.31 5.55071
5.32 5.53659
5.33 5.5228
5.34 5.50934
5.35 5.49626
5.36 5.48355
5.37 5.47125
5.38 5.45937
5.39 5.44793
5.4 5.43695
5.41 5.42644
5.42 5.41643
5.43 5.40694
5.44 5.39797
5.45 5.38954
5.46 5.38167
5.47 5.37438
5.48 5.36768
5.49 5.36159
5.5 5.35611
5.51 5.35127
5.52 5.34706
5.53 5.34352
5.54 5.34064
5.55 5.33844
5.56 5.33694
5.57 5.33613
5.58 5.33603
5.59 5.33665
5.6 5.338
5.61 5.34008
5.62 5.3429
5.63 5.34647
5.64 5.35079
5.65 5.35588
5.66 5.36172
5.67 5.36834
5.68 5.37572
5.69 5.38388
5.7 5.39282
5.71 5.40253
5.72 5.41302
5.73 5.42429
5.74 5.43634
5.75 5.44917
5.76 5.46277
5.77 5.47715
5.78 5.4923
5.79 5.50822
5.8 5.5249
5.81 5.54234
5.82 5.56053
5.83 5.57947
5.84 5.59915
5.85 5.61957
5.86 5.64071
5.87 5.66256
5.88 5.68513
5.89 5.70839
5.9 5.73234
5.91 5.75697
5.92 5.78226
5.93 5.80821
5.94 5.8348
5.95 5.86201
5.96 5.88984
5.97 5.91827
5.98 5.94728
5.99 5.97686
6 6.007
6.01 6.03767
6.02 6.06886
6.03 6.10055
6.04 6.13272
6.05 6.16536
6.06 6.19845
6.07 6.23196
6.08 6.26588
6.09 6.30018
6.1 6.33485
6.11 6.36986
6.12 6.4052
6.13 6.44083
6.14 6.47674
6.15 6.5129
6.16 6.5493
6.17 6.5859
6.18 6.62268
6.19 6.65963
6.2 6.6967
6.21 6.73389
6.22 6.77116
6.23 6.80849
6.24 6.84585
6.25 6.88322
6.26 6.92057
6.27 6.95787
6.28 6.9951
6.29 7.03223
6.3 7.06923
6.31 7.10608
6.32 7.14275
6.33 7.17921
6.34 7.21543
6.35 7.25139
6.36 7.28706
6.37 7.32241
6.38 7.35741
6.39 7.39204
6.4 7.42627
6.41 7.46007
6.42 7.49341
6.43 7.52626
6.44 7.55861
6.45 7.59041
6.46 7.62165
6.47 7.65229
6.48 7.68231
6.49 7.71168
6.5 7.74038
6.51 7.76838
6.52 7.79565
6.53 7.82216
6.54 7.8479
6.55 7.87283
6.56 7.89693
6.57 7.92018
6.58 7.94255
6.59 7.96401
6.6 7.98455
6.61 8.00414
6.62 8.02275
6.63 8.04037
6.64 8.05697
6.65 8.07253
6.66 8.08702
6.67 8.10044
6.68 8.11275
6.69 8.12394
6.7 8.13399
6.71 8.14288
6.72 8.1506
6.73 8.15712
6.74 8.16242
6.75 8.1665
6.76 8.16934
6.77 8.17092
6.78 8.17122
6.79 8.17024
6.8 8.16796
6.81 8.16437
6.82 8.15946
6.83 8.15322
6.84 8.14563
6.85 8.13669
6.86 8.1264
6.87 8.11474
6.88 8.1017
6.89 8.08728
6.9 8.07148
6.91 8.0543
6.92 8.03572
6.93 8.01575
6.94 7.99438
6.95 7.97162
6.96 7.94746
6.97 7.92191
6.98 7.89497
6.99 7.86664
7 7.83693
7.01 7.80583
7.02 7.77337
7.03 7.73954
7.04 7.70435
7.05 7.66781
7.06 7.62994
7.07 7.59073
7.08 7.55021
7.09 7.50839
7.1 7.46528
7.11 7.4209
7.12 7.37526
7.13 7.32838
7.14 7.28028
7.15 7.23097
7.16 7.18048
7.17 7.12883
7.18 7.07604
7.19 7.02213
7.2 6.96714
7.21 6.91107
7.22 6.85396
7.23 6.79584
7.24 6.73674
7.25 6.67668
7.26 6.61569
7.27 6.55381
7.28 6.49106
7.29 6.42749
7.3 6.36313
7.31 6.298
7.32 6.23215
7.33 6.16561
7.34 6.09843
7.35 6.03063
7.36 5.96227
7.37 5.89338
7.38 5.824
7.39 5.75417
7.4 5.68395
7.41 5.61336
7.42 5.54247
7.43 5.4713
7.44 5.39992
7.45 5.32837
7.46 5.25669
7.47 5.18493
7.48 5.11315
7.49 5.0414
7.5 4.96971
7.51 4.89816
7.52 4.82679
7.53 4.75564
7.54 4.68479
7.55 4.61427
7.56 4.54415
7.57 4.47448
7.58 4.40531
7.59 4.3367
7.6 4.26871
7.61 4.2014
7.62 4.13481
7.63 4.06902
7.64 4.00407
7.65 3.94003
7.66 3.87695
7.67 3.81489
7.68 3.75392
7.69 3.69408
7.7 3.63545
7.71 3.57807
7.72 3.52201
7.73 3.46732
7.74 3.41408
7.75 3.36232
7.76 3.31212
7.77 3.26354
7.78 3.21662
7.79 3.17144
7.8 3.12804
7.81 3.08649
7.82 3.04684
7.83 3.00916
7.84 2.97349
7.85 2.9399
7.86 2.90843
7.87 2.87915
7.88 2.85211
7.89 2.82737
7.9 2.80497
7.91 2.78497
7.92 2.76742
7.93 2.75237
7.94 2.73987
7.95 2.72998
7.96 2.72273
7.97 2.71819
7.98 2.71638
7.99 2.71736
8 2.72117
8.01 2.72786
8.02 2.73746
8.03 2.75002
8.04 2.76557
8.05 2.78415
8.06 2.8058
8.07 2.83055
8.08 2.85844
8.09 2.88949
8.1 2.92373
8.11 2.9612
8.12 3.00192
8.13 3.04591
8.14 3.09319
8.15 3.1438
8.16 3.19773
8.17 3.25502
8.18 3.31568
8.19 3.37971
8.2 3.44713
8.21 3.51795
8.22 3.59218
8.23 3.66981
8.24 3.75084
8.25 3.83529
8.26 3.92314
8.27 4.01439
8.28 4.10903
8.29 4.20705
8.3 4.30843
8.31 4.41316
8.32 4.52123
8.33 4.6326
8.34 4.74726
8.35 4.86518
8.36 4.98632
8.37 5.11067
8.38 5.23817
8.39 5.36879
8.4 5.5025
8.41 5.63924
8.42 5.77898
8.43 5.92165
8.44 6.0672
8.45 6.21559
8.46 6.36674
8.47 6.5206
8.48 6.6771
8.49 6.83618
8.5 6.99775
8.51 7.16174
8.52 7.32808
8.53 7.49668
8.54 7.66745
8.55 7.84032
8.56 8.01518
8.57 8.19194
8.58 8.3705
8.59 8.55077
8.6 8.73262
8.61 8.91597
8.62 9.10069
8.63 9.28667
8.64 9.4738
8.65 9.66194
8.66 9.85098
8.67 10.0408
8.68 10.2312
8.69 10.4222
8.7 10.6135
8.71 10.805
8.72 10.9967
8.73 11.1882
8.74 11.3796
8.75 11.5705
8.76 11.761
8.77 11.9508
8.78 12.1397
8.79 12.3276
8.8 12.5144
8.81 12.6998
8.82 12.8837
8.83 13.0659
8.84 13.2463
8.85 13.4246
8.86 13.6007
8.87 13.7744
8.88 13.9455
8.89 14.1138
8.9 14.2792
8.91 14.4414
8.92 14.6003
8.93 14.7556
8.94 14.9072
8.95 15.0549
8.96 15.1984
8.97 15.3376
8.98 15.4723
8.99 15.6023
9 15.7274
9.01 15.8473
9.02 15.9619
9.03 16.071
9.04 16.1744
9.05 16.2719
9.06 16.3632
9.07 16.4483
9.08 16.5268
9.09 16.5987
9.1 16.6636
9.11 16.7215
9.12 16.7721
9.13 16.8152
9.14 16.8506
9.15 16.8783
9.16 16.8979
9.17 16.9094
9.18 16.9125
9.19 16.9071
9.2 16.8929
9.21 16.87
9.22 16.838
9.23 16.7969
9.24 16.7465
9.25 16.6867
9.26 16.6174
9.27 16.5383
9.28 16.4494
9.29 16.3507
9.3 16.2419
9.31 16.123
9.32 15.9939
9.33 15.8546
9.34 15.7049
9.35 15.5448
9.36 15.3743
9.37 15.1934
9.38 15.0019
9.39 14.7999
9.4 14.5874
9.41 14.3645
9.42 14.131
9.43 13.8872
9.44 13.6329
9.45 13.3684
9.46 13.0937
9.47 12.8088
9.48 12.514
9.49 12.2093
9.5 11.8949
9.51 11.571
9.52 11.2378
9.53 10.8955
9.54 10.5443
9.55 10.1844
9.56 9.81627
9.57 9.44006
9.58 9.05614
9.59 8.66486
9.6 8.26659
9.61 7.86174
9.62 7.45073
9.63 7.03403
9.64 6.61211
9.65 6.18551
9.66 5.75475
9.67 5.32042
9.68 4.88313
9.69 4.44351
9.7 4.00225
9.71 3.56007
9.72 3.11769
9.73 2.67592
9.74 2.23558
9.75 1.79752
9.76 1.36265
9.77 0.931922
9.78 0.506311
9.79 0.0868513
9.8 -0.325382
9.81 -0.729267
9.82 -1.12364
9.83 -1.50727
9.84 -1.87891
9.85 -2.23724
9.86 -2.58088
9.87 -2.90842
9.88 -3.21837
9.89 -3.50921
9.9 -3.77935
9.91 -4.02713
9.92 -4.25085
9.93 -4.44873
9.94 -4.61894
9.95 -4.75959
9.96 -4.8687
9.97 -4.94426
9.98 -4.98414
9.99 -4.98619
10 -4.94815
