1 1.5403
1.01 1.5501
1.02 1.55989
1.03 1.56968
1.04 1.57947
1.05 1.58927
1.06 1.59906
1.07 1.60885
1.08 1.61865
1.09 1.62844
1.1 1.63823
1.11 1.64803
1.12 1.65782
1.13 1.66761
1.14 1.6774
1.15 1.6872
1.16 1.69699
1.17 1.70678
1.18 1.71658
1.19 1.72637
1.2 1.73616
1.21 1.74596
1.22 1.75575
1.23 1.76554
1.24 1.77533
1.25 1.78513
1.26 1.79492
1.27 1.80471
1.28 1.81451
1.29 1.8243
1.3 1.83409
1.31 1.84388
1.32 1.85368
1.33 1.86347
1.34 1.87326
1.35 1.88306
1.36 1.89285
1.37 1.90264
1.38 1.91244
1.39 1.92223
1.4 1.93202
1.41 1.94181
1.42 1.95161
1.43 1.9614
1.44 1.97119
1.45 1.98099
1.46 1.99078
1.47 2.00057
1.48 2.01037
1.49 2.02016
1.5 2.02995
1.51 2.03974
1.52 2.04954
1.53 2.05933
1.54 2.06912
1.55 2.07892
1.56 2.08871
1.57 2.0985
1.58 2.1083
1.59 2.11809
1.6 2.12788
1.61 2.13767
1.62 2.14747
1.63 2.15726
1.64 2.16705
1.65 2.17685
1.66 2.18664
1.67 2.19643
1.68 2.20623
1.69 2.21602
1.7 2.22581
1.71 2.2356
1.72 2.2454
1.73 2.25519
1.74 2.26498
1.75 2.27478
1.76 2.28457
1.77 2.29436
1.78 2.30416
1.79 2.31395
1.8 2.32374
1.81 2.33353
1.82 2.34333
1.83 2.35312
1.84 2.36291
1.85 2.37271
1.86 2.3825
1.87 2.39229
1.88 2.40209
1.89 2.41188
1.9 2.42167
1.91 2.43146
1.92 2.44126
1.93 2.45105
1.94 2.46084
1.95 2.47064
1.96 2.48043
1.97 2.49022
1.98 2.50002
1.99 2.50981
2 2.5196
2.01 2.52939
2.02 2.53919
2.03 2.54898
2.04 2.55877
2.05 2.56857
2.06 2.57836
2.07 2.58815
2.08 2.59794
2.09 2.60774
2.1 2.61753
2.11 2.62732
2.12 2.63712
2.13 2.64691
2.14 2.6567
2.15 2.6665
2.16 2.67629
2.17 2.68608
2.18 2.69587
2.19 2.70567
2.2 2.71546
2.21 2.72525
2.22 2.73505
2.23 2.74484
2.24 2.75463
2.25 2.76443
2.26 2.77422
2.27 2.78401
2.28 2.7938
2.29 2.8036
2.3 2.80767
2.31 2.81059
2.32 2.81352
2.33 2.81644
2.34 2.81937
2.35 2.82229
2.36 2.82522
2.37 2.82814
2.38 2.83107
2.39 2.834
2.4 2.83692
2.41 2.83985
2.42 2.84277
2.43 2.8457
2.44 2.84862
2.45 2.85155
2.46 2.85447
2.47 2.8574
2.48 2.86032
2.49 2.86325
2.5 2.86618
2.51 2.8691
2.52 2.87203
2.53 2.87495
2.54 2.87788
2.55 2.8808
2.56 2.88373
2.57 2.88665
2.58 2.88958
2.59 2.8925
2.6 2.89543
2.61 2.89836
2.62 2.90128
2.63 2.90421
2.64 2.90713
2.65 2.91006
2.66 2.91298
2.67 2.91591
2.68 2.91883
2.69 2.92176
2.7 2.92469
2.71 2.92761
2.72 2.93054
2.73 2.93346
2.74 2.93639
2.75 2.93931
2.76 2.94224
2.77 2.94516
2.78 2.94809
2.79 2.95101
2.8 2.95394
2.81 2.95687
2.82 2.95979
2.83 2.96272
2.84 2.96564
2.85 2.96857
2.86 2.97149
2.87 2.97442
2.88 2.97734
2.89 2.98027
2.9 2.9832
2.91 2.98612
2.92 2.98905
2.93 2.99197
2.94 2.9949
2.95 2.99782
2.96 3.00075
2.97 3.00367
2.98 3.0066
2.99 3.00952
3 3.01245
3.01 3.01538
3.02 3.0183
3.03 3.02123
3.04 3.02415
3.05 3.02708
3.06 3.03
3.07 3.03293
3.08 3.03585
3.09 3.03878
3.1 3.04171
3.11 3.04463
3.12 3.04756
3.13 3.05048
3.14 3.05341
3.15 3.05633
3.16 3.05926
3.17 3.06218
3.18 3.06511
3.19 3.06803
3.2 3.07096
3.21 3.07389
3.22 3.07681
3.23 3.07974
3.24 3.08266
3.25 3.08559
3.26 3.08851
3.27 3.09144
3.28 3.09436
3.29 3.09586
3.3 3.09415
3.31 3.09244
3.32 3.09073
3.33 3.08902
3.34 3.08731
3.35 3.0856
3.36 3.08389
3.37 3.08218
3.38 3.08047
3.39 3.07875
3.4 3.07704
3.41 3.07533
3.42 3.07362
3.43 3.07191
3.44 3.0702
3.45 3.06849
3.46 3.06678
3.47 3.06507
3.48 3.06336
3.49 3.06165
3.5 3.05994
3.51 3.05822
3.52 3.05651
3.53 3.0548
3.54 3.05309
3.55 3.05138
3.56 3.04967
3.57 3.04796
3.58 3.04625
3.59 3.04454
3.6 3.04283
3.61 3.04112
3.62 3.03941
3.63 3.03769
3.64 3.03598
3.65 3.03427
3.66 3.03256
3.67 3.03085
3.68 3.02914
3.69 3.02743
3.7 3.02572
3.71 3.02401
3.72 3.0223
3.73 3.02059
3.74 3.01888
3.75 3.01716
3.76 3.01545
3.77 3.01374
3.78 3.01203
3.79 3.01032
3.8 3.00861
3.81 3.0069
3.82 3.00519
3.83 3.00348
3.84 3.00177
3.85 3.00006
3.86 2.99834
3.87 2.99663
3.88 2.99492
3.89 2.99321
3.9 2.9915
3.91 2.98979
3.92 3.02088
3.93 3.07114
3.94 3.12141
3.95 3.17167
3.96 3.22194
3.97 3.27221
3.98 3.32247
3.99 3.37274
4 3.423
4.01 3.47327
4.02 3.52354
4.03 3.5738
4.04 3.62407
4.05 3.67433
4.06 3.7246
4.07 3.77486
4.08 3.82513
4.09 3.8754
4.1 3.92566
4.11 3.97593
4.12 4.02619
4.13 4.07646
4.14 4.12673
4.15 4.17699
4.16 4.22726
4.17 4.27752
4.18 4.32779
4.19 4.37805
4.2 4.42832
4.21 4.47859
4.22 4.52885
4.23 4.57912
4.24 4.62938
4.25 4.67965
4.26 4.72992
4.27 4.78018
4.28 4.83045
4.29 4.88071
4.3 4.93098
4.31 4.98124
4.32 5.03151
4.33 5.08178
4.34 5.13204
4.35 5.18231
4.36 5.23257
4.37 5.28284
4.38 5.32813
4.39 5.33895
4.4 5.34977
4.41 5.36059
4.42 5.37141
4.43 5.38223
4.44 5.39304
4.45 5.40386
4.46 5.41468
4.47 5.4255
4.48 5.43632
4.49 5.44714
4.5 5.45796
4.51 5.46877
4.52 5.47959
4.53 5.49041
4.54 5.50123
4.55 5.51205
4.56 5.52287
4.57 5.53368
4.58 5.5445
4.59 5.55532
4.6 5.56614
4.61 5.57696
4.62 5.58778
4.63 5.59859
4.64 5.60941
4.65 5.62023
4.66 5.63105
4.67 5.64187
4.68 5.65269
4.69 5.6635
4.7 5.67432
4.71 5.68514
4.72 5.69596
4.73 5.70678
4.74 5.7176
4.75 5.72842
4.76 5.73923
4.77 5.75005
4.78 5.76087
4.79 5.77169
4.8 5.78251
4.81 5.79333
4.82 5.80414
4.83 5.81496
4.84 5.82578
4.85 5.8366
4.86 5.84742
4.87 5.85824
4.88 5.86905
4.89 5.87987
4.9 5.89069
4.91 5.90151
4.92 5.91233
4.93 5.92315
4.94 5.93396
4.95 5.94478
4.96 5.9556
4.97 5.96642
4.98 5.97724
4.99 5.98806
5 5.99888
5.01 6.00969
5.02 6.01136
5.03 6.01174
5.04 6.01212
5.05 6.01249
5.06 6.01287
5.07 6.01325
5.08 6.01363
5.09 6.014
5.1 6.01438
5.11 6.01476
5.12 6.01514
5.13 6.01552
5.14 6.01589
5.15 6.01627
5.16 6.01665
5.17 6.01703
5.18 6.0174
5.19 6.01778
5.2 6.01816
5.21 6.01854
5.22 6.01892
5.23 6.01929
5.24 6.01967
5.25 6.02005
5.26 6.02043
5.27 6.0208
5.28 6.02118
5.29 6.02156
5.3 6.02194
5.31 6.02232
5.32 6.02269
5.33 6.02307
5.34 6.02345
5.35 6.02383
5.36 6.0242
5.37 6.02458
5.38 6.02496
5.39 6.02534
5.4 6.02571
5.41 6.02609
5.42 6.02647
5.43 6.02685
5.44 6.02723
5.45 6.0276
5.46 6.02798
5.47 6.02836
5.48 6.02874
5.49 6.02911
5.5 6.02949
5.51 6.02987
5.52 6.03025
5.53 6.03063
5.54 6.031
5.55 6.03138
5.56 6.03176
5.57 6.03214
5.58 6.03251
5.59 6.03289
5.6 6.03327
5.61 6.03365
5.62 6.03402
5.63 6.0344
5.64 6.03478
5.65 6.03516
5.66 6.03554
5.67 6.03591
5.68 6.03629
5.69 6.03667
5.7 6.03705
5.71 6.03742
5.72 6.0378
5.73 6.03818
5.74 6.03856
5.75 6.03894
5.76 6.03931
5.77 6.03969
5.78 6.04007
5.79 6.04045
5.8 6.04082
5.81 6.0412
5.82 6.04158
5.83 6.04196
5.84 6.04234
5.85 6.04271
5.86 6.04309
5.87 6.04347
5.88 6.04385
5.89 6.04422
5.9 6.0446
5.91 6.04498
5.92 6.04536
5.93 6.04573
5.94 6.04611
5.95 6.04649
5.96 6.04687
5.97 6.04725
5.98 6.04762
5.99 6.048
6 6.04838
6.01 6.04876
6.02 6.05017
6.03 6.05218
6.04 6.05418
6.05 6.05619
6.06 6.05819
6.07 6.06019
6.08 6.0622
6.09 6.0642
6.1 6.06621
6.11 6.06821
6.12 6.07022
6.13 6.07222
6.14 6.07423
6.15 6.07623
6.16 6.07823
6.17 6.08024
6.18 6.08224
6.19 6.08425
6.2 6.08625
6.21 6.08826
6.22 6.09026
6.23 6.09227
6.24 6.09427
6.25 6.09627
6.26 6.09828
6.27 6.10028
6.28 6.10229
6.29 6.10429
6.3 6.1063
6.31 6.1083
6.32 6.11031
6.33 6.11231
6.34 6.11431
6.35 6.11632
6.36 6.11832
6.37 6.12033
6.38 6.12233
6.39 6.12434
6.4 6.12634
6.41 6.12835
6.42 6.13035
6.43 6.13235
6.44 6.13436
6.45 6.13636
6.46 6.13837
6.47 6.14037
6.48 6.14238
6.49 6.14438
6.5 6.14638
6.51 6.14839
6.52 6.15039
6.53 6.1524
6.54 6.1544
6.55 6.15641
6.56 6.15841
6.57 6.16042
6.58 6.16242
6.59 6.16442
6.6 6.16643
6.61 6.16843
6.62 6.17044
6.63 6.17244
6.64 6.17445
6.65 6.17645
6.66 6.17846
6.67 6.18046
6.68 6.18246
6.69 6.18447
6.7 6.18647
6.71 6.18848
6.72 6.19048
6.73 6.19249
6.74 6.19449
6.75 6.1965
6.76 6.1985
6.77 6.2005
6.78 6.20251
6.79 6.20451
6.8 6.20652
6.81 6.20852
6.82 6.21053
6.83 6.21253
6.84 6.21454
6.85 6.21654
6.86 6.21854
6.87 6.22055
6.88 6.22255
6.89 6.22456
6.9 6.22656
6.91 6.22857
6.92 6.23057
6.93 6.23257
6.94 6.23458
6.95 6.23658
6.96 6.23859
6.97 6.24059
6.98 6.2426
6.99 6.2446
7 6.24661
7.01 6.24861
7.02 6.25061
7.03 6.25262
7.04 6.25462
7.05 6.25663
7.06 6.25863
7.07 6.26064
7.08 6.26264
7.09 6.26465
7.1 6.26665
7.11 6.26865
7.12 6.27066
7.13 6.27266
7.14 6.27467
7.15 6.27667
7.16 6.27868
7.17 6.28068
7.18 6.28269
7.19 6.28469
7.2 6.28669
7.21 6.2887
7.22 6.2907
7.23 6.29271
7.24 6.29471
7.25 6.29672
7.26 6.29872
7.27 6.30073
7.28 6.30273
7.29 6.30473
7.3 6.30674
7.31 6.31135
7.32 6.32972
7.33 6.34808
7.34 6.36645
7.35 6.38482
7.36 6.40318
7.37 6.42155
7.38 6.43992
7.39 6.45829
7.4 6.47665
7.41 6.49502
7.42 6.51339
7.43 6.53175
7.44 6.55012
7.45 6.56849
7.46 6.58685
7.47 6.60522
7.48 6.62359
7.49 6.64196
7.5 6.66032
7.51 6.67869
7.52 6.69706
7.53 6.71542
7.54 6.73379
7.55 6.75216
7.56 6.77053
7.57 6.78889
7.58 6.80726
7.59 6.82563
7.6 6.84399
7.61 6.86236
7.62 6.88073
7.63 6.89909
7.64 6.91746
7.65 6.93583
7.66 6.9542
7.67 6.97256
7.68 6.99093
7.69 7.0093
7.7 7.02766
7.71 7.04603
7.72 7.0644
7.73 7.08276
7.74 7.10113
7.75 7.1195
7.76 7.13787
7.77 7.15623
7.78 7.1746
7.79 7.19297
7.8 7.21133
7.81 7.2297
7.82 7.24807
7.83 7.26643
7.84 7.2848
7.85 7.30317
7.86 7.32154
7.87 7.3399
7.88 7.35827
7.89 7.37664
7.9 7.395
7.91 7.41337
7.92 7.43174
7.93 7.45011
7.94 7.46847
7.95 7.48684
7.96 7.50521
7.97 7.52357
7.98 7.54194
7.99 7.56031
8 7.57867
8.01 7.59704
8.02 7.61541
8.03 7.63378
8.04 7.65214
8.05 7.67051
8.06 7.68888
8.07 7.70724
8.08 7.72561
8.09 7.74398
8.1 7.76234
8.11 7.78071
8.12 7.79908
8.13 7.81745
8.14 7.83581
8.15 7.85418
8.16 7.87255
8.17 7.89091
8.18 7.90928
8.19 7.92765
8.2 7.94601
8.21 7.96438
8.22 7.98275
8.23 8.00112
8.24 8.01948
8.25 8.03785
8.26 8.05622
8.27 8.07458
8.28 8.09295
8.29 8.11132
8.3 8.12969
8.31 8.14805
8.32 8.16642
8.33 8.18479
8.34 8.20315
8.35 8.22152
8.36 8.23989
8.37 8.25825
8.38 8.27662
8.39 8.29499
8.4 8.31336
8.41 8.33172
8.42 8.35009
8.43 8.36846
8.44 8.38682
8.45 8.40519
8.46 8.42356
8.47 8.44192
8.48 8.46029
8.49 8.47866
8.5 8.49703
8.51 8.51539
8.52 8.53376
8.53 8.55213
8.54 8.57049
8.55 8.58886
8.56 8.60723
8.57 8.62559
8.58 8.64396
8.59 8.66233
8.6 8.67549
8.61 8.67739
8.62 8.6793
8.63 8.68121
8.64 8.68312
8.65 8.68503
8.66 8.68694
8.67 8.68885
8.68 8.69076
8.69 8.69267
8.7 8.69458
8.71 8.69649
8.72 8.6984
8.73 8.70031
8.74 8.70222
8.75 8.70413
8.76 8.70604
8.77 8.70794
8.78 8.70985
8.79 8.71176
8.8 8.71367
8.81 8.71558
8.82 8.71749
8.83 8.7194
8.84 8.72131
8.85 8.72322
8.86 8.72513
8.87 8.72704
8.88 8.72895
8.89 8.73086
8.9 8.73277
8.91 8.73468
8.92 8.73659
8.93 8.7385
8.94 8.7404
8.95 8.74231
8.96 8.74422
8.97 8.74613
8.98 8.74804
8.99 8.74995
9 8.75186
9.01 8.75377
9.02 8.75568
9.03 8.75759
9.04 8.7595
9.05 8.76141
9.06 8.76332
9.07 8.76523
9.08 8.76714
9.09 8.76905
9.1 8.77095
9.11 8.77286
9.12 8.77477
9.13 8.77668
9.14 8.77859
9.15 8.7805
9.16 8.78241
9.17 8.78432
9.18 8.78623
9.19 8.78814
9.2 8.79005
9.21 8.79196
9.22 8.79387
9.23 8.79578
9.24 8.79769
9.25 8.7996
9.26 8.80151
9.27 8.80341
9.28 8.80532
9.29 8.80723
9.3 8.80914
9.31 8.81105
9.32 8.81296
9.33 8.81487
9.34 8.81678
9.35 8.81869
9.36 8.8206
9.37 8.82251
9.38 8.82442
9.39 8.82633
9.4 8.82824
9.41 8.83015
9.42 8.83206
9.43 8.83396
9.44 8.83587
9.45 8.83778
9.46 8.83969
9.47 8.8416
9.48 8.84351
9.49 8.84542
9.5 8.84733
9.51 8.84924
9.52 8.85115
9.53 8.85306
9.54 8.85497
9.55 8.85688
9.56 8.85879
9.57 8.8607
9.58 8.86261
9.59 8.8673
9.6 8.87472
9.61 8.88213
9.62 8.88955
9.63 8.89697
9.64 8.90439
9.65 8.9118
9.66 8.91922
9.67 8.92664
9.68 8.93405
9.69 8.94147
9.7 8.94889
9.71 8.95631
9.72 8.96372
9.73 8.97114
9.74 8.97856
9.75 8.98597
9.76 8.99339
9.77 9.00081
9.78 9.00822
9.79 9.01564
9.8 9.02306
9.81 9.03048
9.82 9.03789
9.83 9.04531
9.84 9.05273
9.85 9.06014
9.86 9.06756
9.87 9.07498
9.88 9.0824
9.89 9.08981
9.9 9.09723
9.91 9.10465
9.92 9.11206
9.93 9.11948
9.94 9.1269
9.95 9.13432
9.96 9.14173
9.97 9.14915
9.98 9.15657
9.99 9.16398
10 9.1714
